   1.0000000e+00   1.9372413e-02  -1.3025596e+00  -9.7554544e-01   1.4162824e+00  -1.7203053e+00   4.3933813e-01
   2.0000000e+00  -6.7030140e-02  -1.1126607e-01  -1.5219967e+00  -9.6615513e-01   4.9650851e-01  -4.0297944e-01
   1.0000000e+00   8.9479393e-01   1.1312549e+00  -1.2102659e-01   1.3143996e+00  -8.5697736e-01   5.6188466e-01
   2.0000000e+00  -1.2383939e+00   6.2413610e-01   7.4970307e-01   6.5029011e-01  -7.7298500e-01   3.2122550e-01
   2.0000000e+00   9.2102113e-01  -6.0053545e-01   1.2190663e+00   1.5116655e+00   5.2814517e-01  -6.7865169e-01
   2.0000000e+00   4.4174741e-01  -2.0893540e+00   1.6441320e+00   5.8843847e-01   1.4368713e+00  -9.9162970e-01
   2.0000000e+00   1.0403069e-01  -2.6978904e+00  -1.4252950e+00   7.5224435e-01   6.1898372e-01   6.0164734e-01
   2.0000000e+00  -1.2940733e+00  -5.4826499e-01   9.5477238e-01   4.2261305e-01   1.7876368e+00   1.4234553e+00
   1.0000000e+00   3.0386703e-01  -7.4860035e-01  -3.0376533e-01   7.3600249e-01   1.6175109e+00  -2.2473267e-02
   2.0000000e+00  -3.8165003e-01  -4.8029097e-01   1.1938561e+00  -7.3957488e-01   1.9133974e+00   4.8176076e-01
   2.0000000e+00  -1.0590130e+00   2.3375991e+00  -1.8547264e+00   4.7204647e-02   1.4913226e-01   6.3326099e-01
   2.0000000e+00   5.2959177e-01   2.5079764e-01  -1.7202832e+00  -9.9374325e-02  -2.4457877e+00  -4.9593747e-03
   2.0000000e+00  -2.4143408e+00  -1.1529042e+00   9.2395881e-01  -7.2058631e-01  -1.8957623e-02  -3.5950599e-01
   2.0000000e+00  -7.5307958e-01  -6.8483451e-01  -8.2656004e-01  -4.6391421e-01   1.0915523e+00  -7.7378835e-01
   2.0000000e+00  -2.0997353e+00  -4.8192320e-01  -8.0486958e-01  -7.0815862e-01  -1.8366967e+00   5.7969140e-02
   2.0000000e+00   7.9260953e-02   2.4552483e+00   2.2159960e-01   2.1224426e+00  -1.3839847e+00   1.2669095e+00
   2.0000000e+00   1.8083205e-01  -2.3337268e-01  -1.9064868e+00  -4.5771832e-01   4.9232537e-01   1.1702788e+00
   2.0000000e+00   7.6688426e-01  -1.1531736e+00  -8.1072414e-01  -2.5028044e-01   2.7695529e-01   6.8538366e-01
   2.0000000e+00  -5.9517961e-01  -6.9496346e-01   1.8795006e-01  -4.1592192e-01   3.8326304e-01   8.5640145e-01
   2.0000000e+00   5.3152666e-01   5.3943344e-01  -1.3986879e+00   6.3926816e-01   5.7573534e-01  -4.7370325e-01
   1.0000000e+00   9.1560135e-01  -6.2690332e-01  -1.1319011e-01   3.3430283e-01   5.3179918e-01   9.1215735e-02
   2.0000000e+00   1.0834578e+00   7.2877381e-01  -3.8340907e-01  -3.1800143e-01  -1.3712972e+00  -5.1261988e-01
   2.0000000e+00   1.6391161e+00   2.1112413e-01   3.2566603e-03   1.4290655e-01   9.4890788e-01   9.2829019e-01
   2.0000000e+00  -1.2766455e+00  -6.1975640e-01  -5.1719615e-01  -4.2301838e-01  -1.8570327e-01   6.2176865e-01
   2.0000000e+00  -6.4493482e-01   9.8755526e-01  -1.7901807e+00   1.1119282e-01  -1.2617264e-01   6.1999977e-01
   2.0000000e+00   8.7516018e-01   5.7382150e-01  -3.9295956e-01  -1.8975899e+00   6.5933930e-01  -4.0233665e-01
   2.0000000e+00   5.4227393e-01   1.1249291e-01   1.2102636e+00  -1.5099630e+00  -8.5718168e-01   4.2736308e-01
   2.0000000e+00  -4.4954827e-01   2.3949798e+00   2.1926659e-01   7.7124696e-01  -1.1342643e-01   6.8951809e-01
   2.0000000e+00  -1.5666776e-01  -7.2935315e-01   1.4877805e-01   6.0877290e-01   8.5797517e-02   7.3659119e-01
   2.0000000e+00   2.1888441e+00  -1.1339576e-01  -1.5099908e+00   1.3496545e-01  -7.3633543e-01   9.8842252e-01
   2.0000000e+00  -6.8654040e-01   7.4741793e-01  -9.3541823e-01   1.3544144e+00   1.0540952e+00  -3.8561852e-01
   1.0000000e+00   6.6204976e-01   1.1305165e+00  -1.0467469e-01  -1.2583896e+00  -3.0979797e-01  -1.1947314e+00
   2.0000000e+00  -1.3366817e+00  -6.7897307e-02  -1.5939059e+00  -8.3389771e-01  -4.1433476e-01  -1.0196189e+00
   2.0000000e+00   1.7772507e+00   3.2525541e-01  -1.6165266e+00   2.3306366e-01  -6.2601815e-01   1.1482879e+00
   2.0000000e+00  -2.0451726e-01   1.1583469e+00   1.1868668e+00   2.8219392e-01   5.4747631e-01  -2.4020351e-01
   2.0000000e+00  -6.0249895e-01  -5.2152931e-01  -4.8963076e-01   2.8650372e-01  -3.8050711e-01  -2.7620466e-02
   2.0000000e+00   2.8869878e-01   7.8665769e-02  -1.2528287e+00   1.5754285e+00   9.2670206e-01   2.6191632e-01
   2.0000000e+00  -1.0017351e+00  -7.8015598e-01   1.5861572e+00  -1.8258125e+00  -1.8062308e+00  -3.0033219e+00
   2.0000000e+00  -2.6414942e-01  -1.8870112e+00   3.5180565e-01  -1.1562507e+00   4.7771193e-01   2.7533151e-01
   2.0000000e+00   1.3952126e-01  -1.4197954e-01  -1.1199673e+00  -8.0713491e-01  -1.6495394e+00   1.9493370e+00
   2.0000000e+00  -1.2705518e+00   9.3925108e-01  -5.3663314e-01  -3.9984884e-01  -6.7641916e-01   6.0213826e-01
   2.0000000e+00   2.4384257e+00  -2.0343743e+00   8.0815345e-01   1.5095316e-01  -3.3114130e-01  -6.2885417e-01
   2.0000000e+00   9.2822932e-01  -6.6098511e-02   7.4989172e-01   8.2246354e-01   5.4993464e-01  -6.8559760e-01
   2.0000000e+00  -3.5958003e-01  -5.0411156e-01  -3.1648126e-01  -2.1294530e+00   1.0552060e+00  -2.6709519e-01
   1.0000000e+00   5.7764256e-02   1.4058323e+00   5.4603343e-02  -5.3740172e-01  -1.3658229e+00   4.3618497e-01
   2.0000000e+00  -2.8783464e-01   1.4344510e+00   9.6908818e-01   6.7090067e-01  -1.3032902e+00   1.2230109e+00
   2.0000000e+00  -4.6446995e-01   6.9718618e-01   4.0507841e-01  -2.2069593e+00   5.2543017e-01  -1.8151208e+00
   2.0000000e+00  -1.3366374e+00  -1.4229607e+00   1.0476433e-02  -4.8206223e-02   1.4918632e-01   7.0878882e-01
   2.0000000e+00   1.4637697e-01  -9.3405127e-01  -1.1498431e+00   8.9538297e-01   1.5795596e+00   5.2790906e-01
   2.0000000e+00   6.2844763e-01   1.0336549e+00   1.6629755e+00   6.1009069e-01  -6.6051151e-01   1.0120861e+00
   2.0000000e+00   9.1626283e-01  -3.0126517e-01   1.0251779e+00  -2.2670569e-01  -7.9576945e-01  -1.2502407e+00
   2.0000000e+00  -1.5574761e+00  -1.0560246e+00   4.0053976e-01   3.4215525e-01   8.4149424e-01   4.4008667e-01
   2.0000000e+00  -1.7251090e+00   4.0270826e-01  -2.1425453e+00   6.1806717e-02   1.8545468e-01   5.4304050e-01
   2.0000000e+00   1.4528581e+00  -2.1069080e+00  -1.0023955e+00  -9.1754997e-02  -1.4267158e+00  -1.5925031e-02
   2.0000000e+00  -1.3646617e+00   4.4794821e-02  -1.3063615e-01   5.9720414e-02  -5.1409035e-01   2.1205828e+00
   2.0000000e+00  -1.2636862e+00   9.5519074e-01   4.9029034e-01   5.2119872e-01  -8.1749865e-01  -1.7879393e+00
   2.0000000e+00   1.6691095e+00   2.2414654e+00   1.2208743e+00  -3.3979060e-01  -2.0554853e+00  -3.5696716e-01
   2.0000000e+00   1.2935626e+00   8.1716988e-01  -1.0642063e+00  -7.2750961e-01   5.0493392e-01   7.5531029e-01
   2.0000000e+00  -8.7069652e-03   1.2902892e-01   1.3037800e+00  -8.4321742e-01  -8.6229255e-01   1.2939483e-01
   2.0000000e+00  -8.2810682e-01   1.5083692e-01   1.0820615e+00   1.7805637e-01  -3.9495477e-02   1.1794406e+00
   2.0000000e+00   1.3448254e-01   3.4929509e-01   2.0251362e+00  -1.3298923e+00  -1.8206701e+00  -3.2949183e-02
   2.0000000e+00  -4.3631274e-02   3.0840478e-01  -6.1194521e-01   3.6470268e-01   7.1188714e-01  -1.3343791e-01
   2.0000000e+00  -4.0257696e-03   1.0592809e+00   1.2693229e+00  -9.1630423e-01  -3.9465472e-01   1.4353784e+00
   2.0000000e+00   7.8697668e-01   8.8789764e-01  -4.4159733e-01   2.6356092e+00   1.1377603e-01  -1.8455872e+00
   1.0000000e+00   6.2409101e-03   9.4828631e-01  -4.5925675e-02   1.3992323e+00   9.8310342e-01  -9.9003466e-01
   1.0000000e+00   4.5518668e-01   1.1126539e-01   3.7887783e-01  -7.7131594e-02   1.8619339e+00   1.1658731e-01
   2.0000000e+00  -1.4913234e+00   8.3443682e-01  -1.9488435e-02  -3.9229571e-01  -1.0886263e+00  -8.4768772e-01
   2.0000000e+00   1.4726257e+00  -2.6578512e+00  -7.7663255e-01  -5.7993382e-01   1.4250832e-01  -1.0179550e+00
   1.0000000e+00   4.7172552e-01   9.9431616e-02  -6.6176070e-01   1.2301397e+00  -8.7897503e-01   1.0408899e+00
   1.0000000e+00   2.5712650e-01  -4.0885556e-01  -6.0312034e-01   2.9497209e-01  -1.6537629e-01  -6.7442107e-01
   2.0000000e+00  -1.8012397e+00  -9.1162858e-02   1.8163737e+00  -1.4477868e+00  -1.5799531e-01  -4.7982292e-01
   2.0000000e+00   1.3764279e+00  -5.9299859e-01   2.0880351e-01  -7.7843559e-01  -3.3961925e-01   7.4520593e-01
   2.0000000e+00   1.7788710e+00  -9.1339228e-01  -7.4760623e-01  -6.7904637e-01   1.3955130e+00  -1.2435930e-01
   2.0000000e+00  -3.0321772e-01   2.5446852e-01   5.1450181e-01  -1.0524794e+00  -1.5233654e-01  -5.4818463e-01
   2.0000000e+00  -5.3951925e-01   1.0475415e+00  -2.7804454e-01   1.4554294e+00  -8.8637598e-01   1.2808128e-01
   2.0000000e+00  -2.0234774e+00  -1.2949223e+00  -1.1493436e+00  -6.7903356e-01  -1.8854895e+00  -2.5522914e-01
   2.0000000e+00  -5.6073874e-01  -1.2455950e+00  -1.1868916e+00  -2.5562983e+00   4.3437862e-02  -1.2826641e+00
   2.0000000e+00  -1.4718039e+00   1.0596988e+00  -6.2056835e-01  -7.7116643e-01  -3.8164889e-01   7.9937021e-01
   2.0000000e+00   7.8545569e-01  -3.7768462e-01   9.8685929e-01  -1.0464299e+00   1.9291603e-01  -4.1515445e-01
   2.0000000e+00  -1.7151104e-01  -1.0446286e-01   1.2905352e+00  -1.1202999e+00  -2.8444992e-01  -4.7335580e-01
   2.0000000e+00  -6.0438045e-01   5.8335959e-02  -9.2545620e-01  -6.3076534e-01   1.0897922e+00   5.5193074e-02
   2.0000000e+00  -1.3148158e+00  -2.6097147e-01  -6.1541325e-01   3.9101677e-01  -9.8992129e-01  -3.1512542e-01
   2.0000000e+00   1.5219219e+00   7.7921633e-01   6.2890446e-01  -2.2665446e-01   7.3633548e-01   5.5307467e-02
   1.0000000e+00   6.5135349e-01  -5.5106270e-02   3.2230709e-01   7.7306776e-01  -3.1918201e-02   6.5815592e-02
   2.0000000e+00   9.3802082e-01   4.5440091e-02   1.1612208e+00  -1.1665596e+00   7.0149995e-01  -2.8923594e-02
   2.0000000e+00   1.6782096e+00   1.1373923e+00   1.8360227e-01  -2.4903633e+00   7.4817229e-01  -1.1566626e+00
   1.0000000e+00   5.1329355e-01   3.9021353e-01  -1.7215522e-01   4.1371365e-02  -7.5524534e-01  -5.3123677e-01
   2.0000000e+00  -1.1594828e+00  -1.1772965e+00   1.4003347e+00   9.9013691e-01   1.4038595e+00  -2.0568815e-01
   2.0000000e+00   1.8689041e-01  -4.0225643e-01   1.3935937e+00   2.0352611e-02  -1.0606306e+00  -2.4752573e-01
   2.0000000e+00   1.1307335e+00  -1.3854348e+00   1.0252428e+00  -5.9391777e-01   1.2061812e-01  -1.6193311e+00
   2.0000000e+00  -9.9890873e-01   7.1968114e-01   4.8425883e-01   7.8030514e-01  -1.5298422e+00   8.4056977e-01
   2.0000000e+00   1.0628688e-01   6.7971683e-02   1.2530966e+00  -6.6041453e-01   1.8527256e+00  -1.4264505e+00
   2.0000000e+00   2.2887161e+00   1.1868259e+00  -2.6780058e-01  -7.5998618e-01  -2.5010095e+00  -1.1900009e+00
   1.0000000e+00   1.2598589e-01   1.4758611e+00   7.3076553e-02   8.0895574e-02   1.4710428e+00  -1.3050690e+00
   1.0000000e+00   3.5385453e-01   5.1067214e-01  -7.0843054e-01   1.1950080e+00  -1.6130664e+00   5.9936348e-01
   2.0000000e+00   3.6882292e-01   2.0101925e-03  -8.6924600e-01   1.9938933e+00   1.6350826e+00  -1.4297259e+00
   1.0000000e+00   5.8815364e-01   1.2604644e-01   4.3979317e-02  -3.7595199e-01   9.6730502e-02  -8.0015750e-01
   2.0000000e+00  -4.2718129e-01   2.0927520e-01   3.1178223e-01  -1.5366600e+00  -6.5422131e-01   5.8436313e-01
   2.0000000e+00  -1.0442379e+00   8.6502790e-01   1.1814930e+00  -2.1319791e-01  -3.2523354e-01   1.7226840e-03
   2.0000000e+00  -6.5526366e-02   8.9338562e-01   4.9181370e-01   1.2711102e+00   6.2354963e-03   4.4740668e-01
   2.0000000e+00   1.3342078e+00  -4.9328319e-01   1.1477089e+00  -2.9627983e-01  -1.1379115e+00   4.1680887e-01
   2.0000000e+00  -1.2162103e+00   3.6491381e-01   5.6955618e-01   1.3919409e+00   3.5927837e-01   6.2896077e-01
   2.0000000e+00   3.0791983e-01   3.4286044e-01   1.0897455e+00  -1.4916304e+00  -1.1770122e+00  -4.3024839e-01
   1.0000000e+00   3.8801409e-01  -5.2584235e-01   3.0266100e-01  -4.1734183e-01   6.0762567e-01  -2.1129353e-01
   2.0000000e+00   4.4793331e-01   2.3350961e-01  -1.0145793e+00  -1.0408787e-01  -5.2162524e-01   1.5382931e-01
   2.0000000e+00   9.9227549e-01  -3.8445324e-01  -7.0084520e-01   5.1186649e-01  -6.0030989e-01  -1.6274569e+00
   1.0000000e+00   7.4042343e-01  -1.0442322e+00  -2.4587533e-01  -5.7962092e-01  -7.1708570e-01   5.8923777e-01
   2.0000000e+00   3.1050395e-01  -7.2003091e-02  -1.2784282e+00  -1.1794534e+00   6.2514276e-02   9.3808372e-01
   2.0000000e+00   8.5956594e-01   4.5133873e-01  -1.0200891e+00  -9.9262776e-01   5.7014363e-01  -4.0303851e-01
   2.0000000e+00   6.0544183e-01   2.4611437e-01   8.6505022e-01  -8.6211259e-01   5.2392292e-02   1.6628579e-01
   2.0000000e+00  -4.4508196e-01   4.9875028e-01   8.7115634e-01  -2.0390181e-01  -7.3645551e-01   9.3495094e-01
   2.0000000e+00  -4.2967772e-01   1.0367586e+00   3.9139459e-01  -2.7723111e-01   5.5576976e-01  -8.8815551e-01
   1.0000000e+00   4.6930498e-01   2.1011259e-01   7.4784970e-01   1.7373402e-01   6.4504487e-01   7.9174792e-01
   2.0000000e+00  -1.1892557e+00  -2.9195858e-01  -5.9707391e-02  -5.3551951e-01   7.8247413e-01  -1.0644105e+00
   2.0000000e+00   1.5103042e-01  -9.1578910e-01  -1.0950136e+00   1.7798749e+00   3.6415586e-01   5.0994291e-01
   2.0000000e+00  -8.9124247e-01   4.9971410e-01   1.4323451e+00  -5.2899959e-01   7.9038548e-01  -4.9775489e-01
   2.0000000e+00  -1.0874571e+00  -8.5701123e-02  -7.5251943e-01   1.6362031e+00  -1.9473980e+00   1.9101378e+00
   2.0000000e+00   4.5527437e-01   1.2545910e-01  -1.6879862e+00   7.7235071e-01   1.0487481e+00   3.2117957e-01
   2.0000000e+00   1.0445312e+00  -4.8654146e-01  -1.8710482e+00  -1.2248146e+00   2.4530016e+00  -7.6441350e-01
   2.0000000e+00   7.8943721e-01  -1.5576458e+00  -7.2729433e-01  -1.5333578e+00  -1.0056051e+00  -2.9597969e-01
   2.0000000e+00  -1.3039993e-01  -9.7391636e-01   1.2690752e+00   6.8588661e-01  -1.3046884e+00   2.0392135e-01
   2.0000000e+00  -6.8388419e-01   2.9847941e+00  -1.2239450e+00  -1.4667932e-01  -2.2396819e-02   7.4957833e-01
   2.0000000e+00  -3.9847340e-01   1.3840582e+00   5.9183331e-02   1.0877309e+00  -7.4557830e-01  -9.8990619e-01
   2.0000000e+00  -9.9432418e-01   1.0367537e-01  -5.6069341e-01  -6.5517642e-01   3.6509245e-01  -1.3707878e-01
   2.0000000e+00  -1.6100434e+00  -1.5213050e+00   4.0986452e-02  -3.3388682e-01  -5.1154662e-01   1.3054166e-01
   2.0000000e+00   1.0487452e+00   7.2262240e-01   1.7718019e-01   1.9766932e-01   3.3746872e-02   1.1444259e+00
   2.0000000e+00  -4.3358912e-01  -1.6399493e+00  -2.5160245e-01   6.0809906e-01   1.6670887e-01  -5.5023005e-01
   2.0000000e+00   9.8206293e-01  -3.1658161e-01   7.6984034e-01   5.6608539e-01   3.6274757e-01  -2.7412957e-01
   1.0000000e+00   1.9379687e-01  -4.8473849e-01  -4.6627353e-01  -8.8602348e-01   3.3885157e-02   2.4222041e-01
   2.0000000e+00  -1.3685095e+00   1.8082835e+00   7.5749947e-01  -2.1292301e-01  -1.2611653e+00   1.1239459e+00
   2.0000000e+00  -1.8665446e-01   8.7604744e-01   6.7813271e-01  -1.6856897e-01   1.8331376e+00   3.6972965e-01
   2.0000000e+00  -9.8264197e-01   3.6952231e-01  -4.7659048e-02  -8.0694150e-01   6.5920232e-01   5.8576302e-01
   2.0000000e+00   4.2448812e-02  -2.2077523e+00   2.7206017e+00  -2.7055017e-01   1.9109817e-02  -5.6409549e-01
   1.0000000e+00   5.0022682e-01  -1.0854576e+00  -7.0872152e-01   1.2120697e+00  -7.1819318e-01   1.1623042e+00
   2.0000000e+00   4.4020891e-01  -1.1591654e+00   9.1224638e-01  -5.8902947e-01  -1.5863774e-01   5.9731636e-01
   2.0000000e+00   8.2727789e-01   8.5583178e-01   2.7074262e+00   1.0864510e+00   2.0977902e+00   1.2637171e+00
   2.0000000e+00  -7.0049588e-01   5.0373658e-01  -1.5147831e-01  -2.1982114e+00   6.4007577e-01   1.6771080e+00
   2.0000000e+00  -3.0311409e-01  -1.0980574e+00   3.5914405e-01   9.5316000e-01   1.6263604e+00   8.2180917e-01
   2.0000000e+00  -6.7991800e-01  -1.1571124e-01   8.2640046e-02  -7.4747648e-01  -8.4551522e-02  -3.7700380e-01
   2.0000000e+00   7.9889305e-01   2.0590614e+00  -6.9216386e-01  -8.7249909e-01   1.0022020e+00  -2.5830445e-01
   1.0000000e+00   2.0096274e-01   8.8567591e-01   1.8828883e-01   4.8362151e-01   1.5846311e-01  -1.0090903e+00
   2.0000000e+00  -1.6298539e-01  -3.5926919e-01   7.4628724e-01  -3.0022782e+00   1.3786895e+00   1.0499611e+00
   2.0000000e+00  -2.8648762e-01  -1.8639391e+00  -4.9130575e-01   1.3433681e+00  -8.1234026e-01   1.0953989e+00
   2.0000000e+00   5.2866270e-01  -1.8561973e+00  -1.9694664e+00  -1.6107039e+00  -5.5475994e-01   4.3043307e-01
   1.0000000e+00   2.9976647e-02  -2.2741662e+00  -9.8868399e-01  -8.7610726e-01   1.2713511e+00   5.9672299e-01
   2.0000000e+00  -1.7471813e-01   3.1463645e-01  -6.1795492e-01  -3.3531406e-01   3.9082469e-01  -8.7157182e-01
   2.0000000e+00  -5.2503022e-01  -6.9742528e-01  -2.8205132e+00   1.3060581e+00  -3.5892670e-01  -3.8395046e-01
   2.0000000e+00  -1.2678989e+00   5.8855214e-01  -1.5439794e-01  -2.5439843e-01   1.5623463e+00   1.0694571e+00
   2.0000000e+00   6.4954051e-01   3.2235974e-01   2.4762902e+00  -1.0426550e+00  -1.7674435e+00   1.2373597e+00
   2.0000000e+00  -1.8313085e+00   1.5845069e+00  -1.0143716e+00   4.9069669e-01   7.8671243e-01  -9.1590476e-01
   2.0000000e+00   1.5899391e-01  -2.1822417e+00   1.2028950e+00  -7.3121120e-01  -3.0487368e+00  -4.8410329e-01
   2.0000000e+00   2.0985164e+00  -1.2898246e+00   6.8178112e-01   2.8110342e+00  -8.7140419e-02  -1.0971037e+00
   2.0000000e+00  -8.3396922e-01   1.6313042e+00  -2.9289194e-01   4.6601042e-01  -3.1235780e-01  -8.7125765e-01
   2.0000000e+00  -4.6042591e-01   6.1894894e-01  -5.2782928e-01   1.7401352e+00  -4.7103175e-01  -6.8654823e-01
   2.0000000e+00  -9.0942715e-01  -1.6073480e-01  -5.7669673e-01  -2.5363257e-01   1.2827806e+00  -1.2953003e+00
   2.0000000e+00  -1.1124038e-01  -1.3425359e+00  -9.3062305e-01  -1.4850899e+00  -1.7236005e+00   4.8975582e-01
   2.0000000e+00  -4.7981197e-01  -9.2086427e-01  -2.1616494e-01  -1.1588377e-01  -7.4463905e-01  -2.0809460e-01
   2.0000000e+00  -5.3501928e-01  -2.1802356e-01  -7.8480980e-01  -1.5747470e+00   4.6600524e-01  -4.7018554e-01
   2.0000000e+00   6.6140341e-02   3.2003901e-01   1.0481464e+00   2.4256037e+00  -5.4610436e-01   5.1625826e-01
   2.0000000e+00  -6.9831346e-02   8.9379056e-01  -4.0509943e-02  -1.3765999e+00  -1.4671035e+00   7.2334090e-01
   1.0000000e+00   4.1161295e-01   6.3626336e-01  -3.3152341e-01  -1.7881021e+00  -1.0010452e+00  -6.8631582e-01
   2.0000000e+00  -6.5557702e-03   9.7686773e-01   8.3729823e-01  -4.9284835e-01   1.7020472e-01   9.7927386e-01
   2.0000000e+00   5.9055026e-02  -5.8141704e-01  -3.7876910e-01  -3.2636533e+00  -1.5945673e-01   3.2187096e-01
   2.0000000e+00   1.1901518e-01  -1.9385915e+00   1.3185731e+00  -7.7447004e-01   2.0307396e+00  -5.7292581e-01
   2.0000000e+00   8.9979585e-01   5.0717948e-01   1.0363055e+00  -2.1546265e-01   2.7920584e+00  -1.4936518e-01
   2.0000000e+00   9.6645293e-01  -5.3444920e-01   1.4517563e+00   1.6261725e+00  -4.0291516e-01   2.0684439e+00
   1.0000000e+00   7.7802887e-01  -1.1515302e+00   2.6464193e-01  -3.4533523e-01  -1.2516054e+00   6.7915439e-01
   2.0000000e+00   1.9551462e+00  -1.4239153e+00  -4.9994005e-01  -8.8231958e-01   2.7767781e-01  -5.8818848e-01
   1.0000000e+00   3.4101977e-01  -8.0638155e-01   1.5266950e-01   1.0759422e+00  -5.9851959e-01   9.5841200e-01
   1.0000000e+00   6.8736830e-01  -1.1413829e+00  -1.6133041e-01  -6.6462972e-01   1.1250658e+00   3.1804214e-01
   1.0000000e+00   5.2895628e-01   3.9989193e-01  -3.2355481e-01  -9.5479751e-01  -1.2878660e+00  -1.7719641e-01
   2.0000000e+00  -5.7267078e-01  -7.5131278e-01  -3.3145724e-01   8.1985694e-01  -5.3097046e-01  -1.3166075e+00
   2.0000000e+00  -1.1797917e+00  -1.3001554e+00  -5.8129712e-02  -3.5212110e-01  -7.1384306e-01  -6.6681802e-01
   2.0000000e+00  -4.1046984e-01  -7.0563470e-01  -3.2466682e-01  -8.4011684e-01   1.6027428e+00  -7.6029527e-01
   2.0000000e+00   6.3992564e-01   5.5365982e-01  -8.2877358e-01   1.7207702e-01  -2.2481194e+00  -1.9945420e+00
   2.0000000e+00   1.4839342e+00   2.7956816e+00  -1.4861491e+00   1.3993760e+00   1.6976975e+00   8.6575197e-01
   2.0000000e+00   8.5362998e-01  -1.3112767e-01  -1.0930395e+00   6.1796012e-01  -4.7192085e-01  -4.4700866e-01
   2.0000000e+00   1.6636460e+00  -1.9529401e+00   3.1410237e-02  -1.2390747e-01   1.6726772e+00  -2.9099456e+00
   1.0000000e+00   2.2517857e-01   4.3114619e-01   6.2001014e-01   5.0521088e-02   1.4926067e-01  -9.4428908e-01
   2.0000000e+00   2.0455046e+00   1.2542772e+00  -2.5527535e+00   1.6089278e-02   1.4759448e+00  -1.6321180e+00
   2.0000000e+00  -8.5959666e-01   4.6943273e-01   8.8770424e-01  -9.2668852e-01  -1.6336253e+00  -1.0621867e+00
   2.0000000e+00   7.1206202e-01   1.1903251e+00  -1.0927479e+00  -8.1131606e-01   9.5229763e-01  -5.2827005e-01
   2.0000000e+00  -6.0006078e-01  -3.8247310e-01  -2.1106674e-01   1.3313886e+00  -7.7028994e-01  -4.9719955e-01
   2.0000000e+00  -5.5594207e-01   9.3078314e-01  -5.0514521e-01  -2.5154844e-01   4.2177172e-01   1.0733109e+00
   1.0000000e+00   5.8952272e-01   3.6462942e-01   3.7456561e-01   3.9843825e-01  -4.1313085e-01  -1.1314612e+00
   2.0000000e+00  -1.4153042e-01   2.1117024e+00  -3.3641278e-02  -2.6181651e-01   1.6821365e+00  -1.5363560e+00
   2.0000000e+00  -4.5444608e-01   1.7275989e+00  -1.2996393e+00   1.0487657e+00  -1.5951887e+00  -8.5755277e-01
   2.0000000e+00  -7.2422182e-02  -3.3236954e-01  -1.8559950e+00  -3.6741520e-01  -7.4610592e-01   1.2452500e+00
   2.0000000e+00   1.8543831e+00  -8.1662859e-01  -5.7319132e-01   4.5704869e-01  -7.8723316e-01  -2.1625444e-01
   2.0000000e+00   8.1759561e-01   5.9685692e-02  -7.2039740e-01   2.4903426e+00  -2.4745970e+00   1.7011570e-01
   2.0000000e+00   1.1721756e+00  -1.7584714e+00   9.5904564e-01  -3.3872657e-01  -2.2105228e-01   8.3117548e-01
   1.0000000e+00   3.9760129e-02   1.6695657e-01   1.8862096e-01  -9.5992821e-02   1.0210093e+00  -6.4322411e-01
   2.0000000e+00   7.2783371e-01   5.7972720e-01   1.0336821e+00   2.8304080e-01  -3.1359621e-02   4.9871165e-01
   2.0000000e+00  -2.1649737e+00   5.1515470e-02   7.5525893e-01  -6.0462632e-01   4.0325104e-02  -2.5148653e-01
   2.0000000e+00   9.2560394e-01   1.0463057e+00  -1.7389193e+00   2.1872347e-01   4.5565252e-01   9.2799893e-01
   1.0000000e+00   6.8941817e-01   4.5753900e-02   6.2462349e-01  -8.1321464e-01   1.4890005e-01  -4.6324618e-01
   2.0000000e+00   8.1369216e-01  -4.5575007e-01   1.0210038e+00   1.0130189e+00   4.0683644e-01   1.0725862e+00
   2.0000000e+00  -1.3978066e-01   5.7139615e-01  -4.6900667e-01  -3.5044731e-01  -1.6160991e+00  -1.6058515e+00
   2.0000000e+00  -1.0780040e+00   1.8601886e+00  -3.6468968e-01   1.6863319e+00   2.0977196e-01   7.8543691e-01
   2.0000000e+00   1.0067308e+00   3.9346509e-02   8.8706762e-01   6.8577854e-02   2.0593378e-01  -1.8014837e-01
   2.0000000e+00   1.1594463e+00  -1.4594241e+00   4.8375192e-01  -6.6010877e-01   5.9996265e-01   7.9834209e-01
   2.0000000e+00   2.3571463e-01   4.1171802e-01   1.6630756e+00  -2.1483620e-01   3.2306014e-02  -6.0959727e-01
   2.0000000e+00   1.7453607e+00   2.1870582e-01   2.8127676e-01   1.4561053e-02   6.8467795e-01  -2.2745088e-02
   2.0000000e+00  -2.4821236e+00   1.5452632e+00   9.6611227e-01   7.1159128e-01  -1.8650185e-01   4.4436834e-01
   2.0000000e+00  -5.2744697e-01  -1.5511105e-01  -6.0966024e-01  -9.0070240e-01   1.4713337e-01   3.0251334e-01
   2.0000000e+00  -2.1393116e-01  -1.2307495e+00  -1.9523838e+00   6.3319764e-01   1.5840999e-01   9.5394336e-01
   1.0000000e+00   1.1871633e-01   7.4863127e-01  -7.0316485e-01  -4.4682372e-01   4.9949115e-01  -3.9478876e-01
   2.0000000e+00  -6.0261500e-01   6.9211683e-02  -2.2398795e-01  -1.1705215e+00  -1.8662748e+00  -1.2413368e+00
   1.0000000e+00   8.3482562e-01   1.2253935e+00  -3.3101704e-01  -4.0877606e-01  -1.5209214e+00  -1.0206013e+00
   2.0000000e+00   2.5249148e-01  -1.6260449e+00  -1.6894093e+00  -1.6819684e+00   7.1100719e-01   1.6482123e+00
   2.0000000e+00  -6.5742639e-01  -7.5030078e-01   4.8170736e-01   4.3549641e-01   4.9531534e-01   3.9149415e-01
   2.0000000e+00   1.1296666e+00   1.1847440e+00   3.0904158e-01  -1.8916816e+00  -8.5768590e-01  -1.2783557e+00
   2.0000000e+00  -8.1485941e-01  -6.2162544e-01  -3.4856394e-01   1.8048288e+00   4.7426972e-01   1.2814960e+00
   2.0000000e+00  -5.3998378e-01  -1.3099658e+00  -1.5911806e+00   6.6095479e-01   6.1810426e-01   1.0358529e+00
   2.0000000e+00   5.7052640e-01   8.2663776e-01  -8.7102757e-01   6.6966164e-01   9.1015929e-01  -4.4407800e-03
   2.0000000e+00  -3.7638223e-01  -8.9115185e-01  -1.6354920e+00   3.7503665e-01   1.5364132e+00  -5.5078988e-01
   2.0000000e+00   1.0670390e+00  -3.9376415e-01   3.2163101e-01  -1.4832515e+00  -1.3328289e+00   1.4988195e+00
   1.0000000e+00   3.5757406e-01   3.8799071e-01   7.2423047e-02  -3.7800728e-01  -2.7574428e-01  -2.8416228e-01
   2.0000000e+00  -1.7013697e+00   2.5261244e-01   8.4117183e-01  -6.5308749e-01   1.2290904e+00  -2.7809264e-01
   2.0000000e+00  -5.6712851e-01   9.2035218e-01  -4.9398766e-01  -7.1573250e-01   4.8534523e-01   4.9092734e-01
   2.0000000e+00  -4.4756899e-01   1.2830890e+00  -1.6800848e-01   6.6658216e-01  -3.9088024e-01   1.1471643e+00
   2.0000000e+00  -1.0547034e+00   1.0816602e+00   5.2640640e-01  -1.7472927e-01   1.3479253e+00  -2.0668299e-01
   2.0000000e+00  -7.4618247e-01   2.2190988e+00   1.1858546e+00  -1.0747169e+00   1.5023128e+00  -2.0668868e-01
   2.0000000e+00   1.2274984e+00   1.8178408e+00   7.1133961e-01   2.6616561e-01   1.0332303e+00  -1.3708644e+00
   2.0000000e+00  -4.2306215e-01  -2.2830402e-01   8.7475250e-01   2.2603591e-01  -9.0918153e-02  -7.6637225e-01
   2.0000000e+00   7.2194994e-01   9.0494329e-01   9.5824688e-01   7.7294181e-01   2.2090681e+00   2.0255137e-01
   2.0000000e+00  -2.4675712e-02   1.8620768e+00  -1.9316030e-01   8.2629568e-02   2.8394395e-01   5.8084951e-01
   1.0000000e+00   1.5739451e-01  -1.7078536e+00   1.0212275e-01  -5.4248645e-01  -9.9849270e-01  -1.6960913e-02
   1.0000000e+00   6.1503210e-01   9.3241474e-01   2.6083029e-01  -6.7893729e-01   7.9848694e-02   1.3608782e+00
   2.0000000e+00  -3.2949002e-01  -4.7205701e-01  -1.9043067e+00  -1.4809905e+00  -6.7789020e-01  -1.3543606e+00
   2.0000000e+00  -5.6383619e-01   5.0044521e-01  -4.0543921e-01   9.7293494e-01  -2.8394620e-01  -1.8552716e+00
   2.0000000e+00  -6.6629979e-01   7.4551063e-01   4.0785902e-01   6.2858443e-02  -1.2504500e-01   9.6892148e-01
   2.0000000e+00   2.3134578e+00  -5.7129497e-01   1.3441639e+00  -3.2128328e-01  -1.2878373e+00   8.7875595e-01
   2.0000000e+00   7.3371174e-01  -1.1952857e+00  -1.6461305e+00   4.0979566e-01   1.9278088e-01  -2.7819285e-01
   2.0000000e+00  -9.6997941e-01   1.5173503e-02  -5.3251371e-01   9.3235574e-01   1.0604138e+00   5.3197761e-01
   2.0000000e+00   2.0075795e+00  -6.7173511e-01  -1.4681465e-01   3.2257879e-01   1.0828321e-01   1.4540248e+00
   2.0000000e+00  -4.9776349e-01   4.1329636e-01  -5.9581146e-02   8.6413696e-01   1.6691941e+00   9.3055718e-01
   1.0000000e+00   7.9470795e-01   1.1389083e+00   2.0758459e-02  -6.8998219e-01  -8.3237935e-01   1.0783441e-01
   1.0000000e+00   3.4804398e-01  -9.2317343e-01  -3.6344834e-01  -5.9927370e-01   5.1654266e-01   1.2882346e+00
   2.0000000e+00   4.3647750e-01   5.8385620e-01   1.1366061e+00  -2.3508280e+00  -1.2998100e+00  -3.4968628e-01
   2.0000000e+00  -1.0380051e+00   4.1216298e-01  -1.0891645e-01  -2.6540876e-01   1.5440125e+00   4.4739095e-01
   2.0000000e+00   1.3769639e+00   8.4775583e-01  -2.4155662e+00  -3.6351253e-01   5.2528295e-01  -1.3652063e+00
   2.0000000e+00   6.5459206e-01  -3.0352192e-01   1.4174673e+00  -4.3229345e-01   2.9468785e-01   1.5987182e+00
   1.0000000e+00   5.6769308e-01  -1.7242256e+00  -1.1419780e-01   1.3287843e+00   4.3418414e-01   6.6001405e-01
   1.0000000e+00   4.1160351e-01   1.5121688e+00  -4.5923855e-01  -4.0421129e-01   2.8070281e-01   3.1944541e-01
   2.0000000e+00   2.8805767e+00   7.2823924e-02  -1.0214695e+00  -3.2719607e-01  -4.3382941e-01  -7.8048171e-01
   2.0000000e+00  -4.9170579e-01   5.9804596e-01   4.9120014e-01  -1.7498790e-01  -4.3081709e-01   7.9077425e-01
   2.0000000e+00   1.3653058e+00   7.0511274e-02   8.1931283e-01  -5.8994029e-01  -4.4874462e-01  -3.1105193e-01
   2.0000000e+00  -1.7297169e+00   1.4748893e-02  -1.9727081e-01  -1.1210970e+00   9.3583383e-01  -5.6631619e-01
   2.0000000e+00   2.7541292e+00  -5.5516126e-01  -1.0604535e+00   1.2433590e+00   3.6625935e-01  -1.7074643e+00
   1.0000000e+00   4.0508567e-01  -5.6801388e-01  -5.6312635e-01  -5.5228391e-01   1.2091574e+00   7.3538293e-01
   1.0000000e+00   2.2127134e-01  -7.1341668e-01   3.6428248e-01  -7.3491173e-01   9.3829869e-01  -1.1657582e+00
   2.0000000e+00  -6.6145028e-01   2.6531568e-01   4.1949565e-01   5.8895871e-01   6.5836470e-01   6.6636974e-01
   2.0000000e+00  -1.2056571e+00  -1.7021896e+00   1.4227388e-01   7.1406138e-01   6.7983834e-01  -1.0027580e+00
   2.0000000e+00  -7.5187772e-01   1.0676503e+00   2.7714513e-01  -1.9036443e+00   8.4228703e-01  -3.4960601e-02
   1.0000000e+00   2.2538423e-01   1.8108083e+00  -2.9388670e-01  -8.4765206e-01  -1.6373538e+00  -1.9260971e+00
   2.0000000e+00  -9.2212251e-01   6.3174984e-01   1.1472912e+00   1.8424533e-01   6.5438036e-01   6.2271175e-01
   1.0000000e+00   2.6971124e-01  -1.1312422e+00   1.9770029e-01   1.1574990e+00  -3.5544939e-01  -7.7815585e-01
   1.0000000e+00   5.7411355e-01  -6.8343672e-01   4.3929621e-02  -1.3204751e+00   6.2722141e-01  -1.4642006e+00
   2.0000000e+00   1.3600112e+00   3.8865592e-01   1.2568263e+00   6.5380306e-02   1.9521194e-02   7.7292136e-01
   2.0000000e+00  -8.5194897e-02  -1.4197859e-01  -4.3617523e-01  -2.1483417e-01   1.3402577e-01   1.4040000e+00
   2.0000000e+00  -1.2690815e+00   5.8178310e-01  -1.7294017e+00  -1.2030754e+00  -3.7765622e-01  -1.6367179e+00
   2.0000000e+00   1.0836404e+00  -1.9450186e+00  -7.0570259e-02   4.2706876e-01  -1.0033440e-01   2.5746402e-01
   2.0000000e+00  -6.2477462e-01  -5.2031019e-01   9.6880053e-01  -1.8317693e+00   9.9257442e-02   6.4164021e-01
   2.0000000e+00   4.7770543e-02   2.0217768e-01   1.0892264e+00  -1.2376879e+00  -9.2579682e-01   6.7801065e-01
   1.0000000e+00   1.7044012e-01   2.1318820e-01  -3.5934916e-01   5.2235798e-01  -1.0466173e+00  -8.8246767e-01
   2.0000000e+00  -5.9914154e-01   8.9811473e-01  -8.4886388e-01   8.4426276e-01   5.0892882e-01   1.5815786e+00
   1.0000000e+00   1.3658501e-01  -4.1383860e-01   8.0079457e-02   1.4284622e-02  -1.5630214e+00  -3.7017772e-01
   2.0000000e+00  -2.0210183e-01   1.4423403e+00  -1.3397162e+00   8.0245879e-02   3.0525319e-01  -2.4745727e-02
   1.0000000e+00   3.3166009e-01  -1.6706047e-01   4.6032539e-01  -1.9063536e+00  -2.0542923e+00  -5.7491118e-01
   2.0000000e+00   4.1625329e-01   4.7210028e-01  -4.1191405e-01   1.9641581e+00  -1.5128960e+00  -1.0279087e+00
   2.0000000e+00  -6.4553867e-01  -6.6711320e-01  -6.2947015e-01   1.0123144e+00   1.1331222e+00  -2.0949836e-01
   1.0000000e+00   7.0067407e-01   3.4749850e-02   5.0514429e-01  -4.3110746e-03  -3.6341840e-01  -3.2552472e-01
   2.0000000e+00  -7.9580548e-01   1.7064056e+00   8.2162759e-01  -6.3946892e-01   1.5110041e+00   1.5921610e+00
   2.0000000e+00   3.2782195e-01  -1.9919701e+00   1.8900718e+00   2.0757068e+00   1.2794762e+00   8.0988962e-01
   2.0000000e+00   1.1034211e+00   5.9016034e-01   2.0746754e+00  -8.0905631e-01   3.0018388e-01  -1.1685259e+00
   2.0000000e+00   8.6333570e-01   6.9187560e-01   1.1421369e+00  -2.2241046e+00  -4.9387284e-01   2.6141154e-01
   2.0000000e+00  -1.7752388e-01   9.8471461e-01   1.7018302e+00  -1.6283337e+00  -2.7527297e+00   2.2955542e-01
   1.0000000e+00   1.9097015e-01  -1.7494569e-01  -5.5491686e-01   1.9022921e-01   1.1967214e+00  -8.1370094e-01
   1.0000000e+00   7.5182544e-01   1.8995762e-01  -7.5249937e-02   1.2883531e+00  -1.1129718e+00  -5.4071771e-01
   2.0000000e+00  -1.2302413e+00   2.6438270e+00  -1.5287178e+00  -3.3346308e-01   4.8442018e-01  -4.5449930e-01
   2.0000000e+00  -4.4206592e-01  -2.7106915e-01   6.9520429e-01  -1.3062470e+00   2.5731923e-01  -1.4273310e+00
   2.0000000e+00  -7.1916097e-02   6.3324968e-01  -1.3118186e+00   3.2989956e-01   5.0573541e-01  -4.8024368e-01
   2.0000000e+00   9.6055238e-01  -1.1455385e+00  -1.3381035e+00   1.3867917e+00   3.2547610e-02  -4.2291368e-01
   2.0000000e+00  -7.9923123e-01  -1.6302344e+00   9.1653920e-01  -8.4985854e-01   4.9665313e-01   3.3635750e-01
   2.0000000e+00  -7.7957229e-01  -2.0021899e-01   8.3224247e-01   2.5616314e-01   9.7626392e-01   8.3727035e-01
   2.0000000e+00  -2.5438861e-01   1.3326633e+00   3.2659027e-01   3.5360121e-01   7.2064790e-01  -1.0612380e+00
   2.0000000e+00  -1.1639397e-01   2.3776077e-01   1.0549797e+00   2.2426237e-01  -2.0864664e-01  -1.2495188e+00
   2.0000000e+00  -1.2937477e+00   1.1752102e+00   7.5440440e-01  -4.2532869e-01   2.5221241e-01  -5.4443896e-01
   2.0000000e+00  -2.6724274e+00  -1.2117662e+00   4.0967027e-02   1.4104367e+00   3.3239259e-01   4.1733598e-01
   2.0000000e+00  -1.2714364e+00  -3.7485400e-01  -2.3643921e-01  -5.5794287e-02  -6.8896175e-01   1.5764965e+00
   2.0000000e+00  -5.7925129e-02  -6.0387250e-01   9.1691335e-01  -1.1181003e+00  -4.2980760e-01  -8.4598504e-01
   2.0000000e+00  -9.4297043e-01  -1.2526833e+00  -7.6941868e-01   3.0945070e-01   1.3834703e+00   1.3201800e+00
   2.0000000e+00  -7.4732556e-01   6.0446947e-01   6.6346775e-01  -2.6313768e-02  -5.2610571e-02  -1.8385992e-01
   1.0000000e+00   2.4950006e-01  -4.6122075e-01  -9.0334027e-01   7.3659343e-01  -2.1449217e-01   1.2409411e-01
   2.0000000e+00  -7.2397856e-01  -1.3693702e+00   1.5626313e+00   1.2347546e+00   2.0248462e+00  -8.3296434e-01
   2.0000000e+00   1.8648456e-01   2.0287982e+00   1.1127613e-01  -2.4632326e+00  -1.3765402e-01  -1.4294013e-01
   2.0000000e+00   1.3345803e+00  -1.1548549e-01   1.8857543e+00   1.7234726e+00   1.1588654e+00   1.2520601e-01
   2.0000000e+00  -5.1305078e-01  -3.2682198e-01   9.3173831e-01   8.9778186e-01   3.0629231e-01   6.7036282e-01
   1.0000000e+00   6.9268862e-01   1.5435171e+00   5.5610079e-01  -2.9376031e-01   1.0199702e+00  -6.9350370e-01
   2.0000000e+00   1.8021294e+00  -1.6899669e-01  -5.9554235e-01  -1.2519747e-01  -4.5564613e-02   1.5266630e-01
   2.0000000e+00  -9.9224294e-01   1.6254402e+00  -8.7927887e-01   1.4080305e+00  -9.8047499e-01   2.2684095e-01
   2.0000000e+00   1.1258175e+00  -1.3074254e+00   6.7939939e-01  -1.0376846e+00  -3.4089649e-01  -1.0548419e+00
   2.0000000e+00   1.6440624e+00  -1.4432367e+00   1.7627590e+00   1.8042480e+00   8.7530734e-01   3.2926419e-01
   2.0000000e+00  -7.2744399e-01  -2.7612770e+00  -1.3637296e+00   1.1643286e+00   5.4796276e-01  -4.6235216e-02
   1.0000000e+00   9.2062872e-01   1.6154695e-01  -1.9801487e-01   1.1651726e+00  -9.4866337e-02  -6.0514610e-01
   2.0000000e+00  -9.3743126e-01   2.4975317e-01   1.3221702e+00   5.3437472e-02  -5.7119319e-01  -2.1084060e-01
   2.0000000e+00  -5.9203628e-01  -9.3686708e-01  -4.5430028e-01   2.1897221e+00  -3.2729894e+00   4.6931937e-01
   2.0000000e+00  -1.9875786e-01   5.4202927e-01  -2.2526896e-01   1.8942727e+00  -5.2855642e-01   6.8805779e-01
   2.0000000e+00   1.5278328e+00   6.1233154e-01   1.2490248e+00  -5.7380647e-02   2.8586496e-01   2.8242238e+00
   1.0000000e+00   4.4612080e-01   3.7533249e-02   4.6128489e-01   1.0051855e+00  -1.9057001e+00  -5.1730836e-01
   1.0000000e+00   4.8638319e-01  -4.0093625e-01   6.9830651e-02  -1.4753349e+00  -6.9605638e-01  -5.1983066e-01
   2.0000000e+00  -6.0223870e-01   6.4542694e-01  -2.4561046e+00   1.5357147e+00   7.5603131e-01   2.4412883e-01
   2.0000000e+00  -1.4154475e+00   1.0048209e+00  -1.5026031e-01  -6.6989378e-01  -9.7848687e-01  -5.5976291e-01
   2.0000000e+00   2.2118604e+00   6.4935339e-01  -2.3124366e-01   6.7049528e-01  -2.0399965e-01  -1.0298393e+00
   2.0000000e+00   9.3461323e-01  -1.4377239e+00   1.4604443e+00   2.8843178e-01  -1.3039958e-02   1.7314666e-01
   2.0000000e+00   1.7229249e+00   5.3745711e-01   3.8407946e-01   2.1289115e+00  -7.5890369e-02  -1.1555000e+00
   2.0000000e+00  -1.5518812e+00   2.5427938e-01  -1.6180937e-02   1.1680291e+00  -8.5781624e-01  -2.2358317e+00
   2.0000000e+00  -6.3973828e-01   1.1764884e+00  -1.1800808e+00   1.6678307e+00  -1.1432778e+00   3.2798257e-01
   2.0000000e+00   3.6279104e-01  -5.5821788e-01  -9.5003876e-01  -1.9462650e+00   1.6083950e+00   1.1121544e-01
   2.0000000e+00  -8.9321236e-01  -2.7165962e-01  -9.4300728e-01  -8.5994834e-01   3.9663744e-01   3.6302272e-01
   2.0000000e+00   1.3505062e+00   8.9695114e-01  -1.2565457e+00  -9.3756521e-01   1.8474473e+00  -1.0572574e+00
   2.0000000e+00  -6.8713640e-01  -6.6523206e-01   1.4329686e+00  -5.2069131e-01   6.8433474e-01   9.3327619e-01
   2.0000000e+00  -2.2415809e-01  -1.4947878e+00  -1.6135371e+00   1.0559885e+00   6.9191747e-01  -1.5220112e+00
   1.0000000e+00   6.0743143e-01  -1.1919371e+00  -5.3620199e-01   7.1429837e-01   8.6287516e-01  -4.1968285e-01
   1.0000000e+00   8.0220700e-02  -1.0626600e+00  -2.4089063e-01   1.3315889e+00  -8.6584038e-01   1.7394841e-01
   2.0000000e+00   5.0083205e-01  -2.0491013e-01   6.0458006e-01   2.5913533e+00  -1.3685604e+00  -5.2103613e-01
   1.0000000e+00   2.8501444e-02   2.5007442e-01  -9.1874947e-01  -1.1883177e-01  -7.8772620e-01   1.5001854e+00
   2.0000000e+00  -1.8400115e+00   2.1706651e-01   1.1194588e-01   1.9360338e-01  -4.9853048e-01   1.0312898e+00
   2.0000000e+00  -2.4029193e-01  -7.2016885e-01   8.7054230e-01   1.3679002e-01   2.0437700e+00  -1.0524553e+00
   1.0000000e+00   5.5812126e-01  -1.2715494e+00  -2.4041435e-01   1.8480756e+00  -1.3084095e+00  -1.2663363e+00
   2.0000000e+00  -1.1094589e+00  -6.9406624e-01  -2.2881551e-01   3.5672539e-01  -1.0073818e+00  -1.4093512e+00
   2.0000000e+00   1.3393488e+00   1.8493958e-01  -1.4051213e+00   4.8282005e-01   8.6207969e-01  -1.2784248e+00
   2.0000000e+00  -3.9382974e-01   4.0457482e-01   7.5458270e-01   1.4927107e+00   1.3133988e+00   3.4519677e-01
   2.0000000e+00  -1.1064194e-01  -5.5300547e-01  -1.5616349e+00  -8.9248129e-02  -7.5840476e-01  -5.0361457e-01
   2.0000000e+00  -4.9137948e-01   5.4839600e-01   2.7657215e-01  -1.6342415e+00   1.0885863e+00  -6.0653056e-01
   2.0000000e+00  -5.7169159e-01  -5.3409412e-01  -1.4799410e+00  -8.2123061e-01   9.8107555e-01  -6.0553360e-01
   2.0000000e+00   1.4263967e+00   2.0543176e+00   6.4299559e-01   7.7280917e-01   1.1255736e-01   4.1173696e-01
   2.0000000e+00  -5.4991721e-01  -3.9966135e-01  -8.2754371e-01  -1.0759771e+00  -2.6442684e-01  -1.1508828e+00
   2.0000000e+00  -3.5506951e-01   2.2449728e+00  -8.7376584e-02   1.1326540e+00   1.3061250e+00  -4.1792116e-01
   2.0000000e+00  -3.6872693e-01   8.3918288e-01  -6.2878601e-01  -1.1081118e+00   4.6471255e-01   1.9999805e-01
   2.0000000e+00  -2.6851626e-01   3.9556325e-01   4.2712360e-01  -1.1983873e+00  -1.8882452e+00  -2.5551449e-01
   2.0000000e+00  -1.2758611e+00   2.3021740e-01   4.9716987e-01  -4.1535253e-02   4.2270400e-01   1.5757667e-01
   2.0000000e+00  -1.3565688e+00   1.9205927e+00  -1.5356732e-01   5.4004647e-01  -4.8179313e-01  -4.4150643e-01
   2.0000000e+00  -1.7094149e+00   9.6427335e-01   8.2469569e-01   3.0443153e-01  -1.1649938e-01  -4.6431599e-01
   2.0000000e+00  -3.1059338e-01  -6.2953570e-01  -3.8022968e-01  -9.3248876e-02  -8.8803096e-01  -1.0657446e+00
   1.0000000e+00   2.1822776e-01   1.3050762e+00   5.5444108e-01  -1.5135367e+00   3.8264156e-01   1.4902169e+00
   2.0000000e+00  -1.0467329e+00   6.6258877e-03  -1.0855558e+00  -1.0240226e+00   3.3037159e-01  -1.1548054e+00
   2.0000000e+00  -7.0091740e-01  -7.9218536e-01  -6.8879830e-01  -3.7237187e-01   1.0553004e+00   7.1907212e-01
   2.0000000e+00  -5.2632188e-02  -1.9288415e+00   2.0446808e-01  -6.7159856e-01  -1.6592458e+00  -2.5749694e+00
   2.0000000e+00  -1.2769175e+00  -9.3003551e-01  -4.0656732e-01   7.6939066e-01   5.8650720e-02   2.0934721e-01
   2.0000000e+00  -4.5215769e-01  -2.7549163e+00  -5.8588234e-01  -9.3407638e-01   3.1987893e-01   2.6282856e-01
   2.0000000e+00   1.0282471e+00  -1.4553315e+00   6.3492957e-01  -1.3859470e+00  -7.8290049e-01  -5.4331318e-01
   2.0000000e+00   2.5265550e+00  -1.0635610e-01  -1.1378234e-01  -9.6085931e-01  -3.2131508e-01  -1.0973078e+00
   2.0000000e+00  -4.8598419e-01   6.5201443e-01  -6.8623265e-01  -2.1912601e+00   1.5137187e-01  -2.4532396e-01
   2.0000000e+00   4.0716312e-01  -1.2445358e+00  -9.4257931e-01  -2.7105392e-01  -9.8426967e-02   4.4155845e-01
   2.0000000e+00   9.4960265e-01   1.7796060e+00  -6.3621804e-01   2.8936464e-02  -9.0778283e-01  -1.3598817e+00
   2.0000000e+00  -6.3027192e-01   7.2311546e-01   1.0430164e+00   9.4882711e-01   3.9846566e-01   1.3831846e+00
   2.0000000e+00  -1.3545757e+00  -2.4999386e-01  -9.1735580e-02   5.7781438e-01   9.3731783e-02  -1.5558171e-01
   1.0000000e+00   1.6072870e-01   4.0476368e-01   3.8601723e-01  -1.3299575e+00  -3.9896248e-01   1.3150985e+00
   2.0000000e+00  -1.2721942e+00   3.0489203e+00  -1.1789812e+00  -1.2802253e+00  -2.0730599e-01  -1.0749951e+00
   2.0000000e+00  -5.2861488e-01  -2.0803862e+00   2.0828019e+00   2.0505242e-01  -1.9725468e+00   1.7932817e+00
   2.0000000e+00  -1.5884655e+00   1.2793203e+00  -4.0657696e-01   1.5370421e+00  -8.5254331e-01  -4.8486360e-01
   1.0000000e+00   2.1888647e-01  -1.9177628e+00   5.3550694e-01  -4.5288142e-01   1.5620425e+00   1.7963887e+00
   2.0000000e+00   6.4270052e-01   3.4327178e-01  -1.7136285e+00   3.0450273e-01   1.0344509e+00   1.7689604e+00
   2.0000000e+00   1.0320396e+00   1.1745075e-01  -5.5853419e-01   7.7266890e-01  -3.6172659e-02   3.6243444e-01
   1.0000000e+00   1.0382140e-01   7.5758813e-01   3.7851677e-01   6.2326628e-01   5.0667112e-01   3.5140286e-01
   1.0000000e+00   2.3333522e-01  -1.6029484e-01  -2.2141360e-01  -6.2204574e-02  -1.3450464e-01   4.5039977e-01
   1.0000000e+00   1.0485222e-02  -1.2209099e+00   5.0556527e-01   5.6563627e-01  -4.7713953e-01  -1.3865497e+00
   1.0000000e+00   2.0591825e-01  -1.1502186e+00  -1.8182099e-01   4.0698322e-01  -8.1635740e-01  -9.4390007e-01
   1.0000000e+00   5.8714148e-01   6.2013323e-01  -7.9821211e-01  -1.4622285e+00   4.1247463e-01   1.4106731e+00
   2.0000000e+00  -9.3460414e-01  -1.0759458e+00  -2.3382615e-01  -2.0333893e+00  -1.9545751e-01   1.1199922e-01
   2.0000000e+00  -8.9752269e-01  -1.0647981e+00  -1.7086455e+00  -1.1404114e+00   6.4856144e-01  -6.0335466e-01
   2.0000000e+00   1.8274440e+00   6.6016264e-01   7.4283529e-01   7.3313606e-01   6.6252125e-01  -5.4604134e-01
   2.0000000e+00   4.1675903e-01   1.4894339e+00  -1.2248530e+00   8.0890439e-01   2.7454594e-01   7.1904439e-01
   2.0000000e+00  -1.7802150e+00  -6.1260331e-02  -6.3637907e-01   3.6714119e-03   2.6505096e-01  -6.2201262e-02
   2.0000000e+00   9.7968938e-01   5.2960849e-01  -1.4133790e+00   2.0236695e-01   5.6357136e-01   1.8989362e-01
   2.0000000e+00  -4.9227259e-01   2.2247407e-01  -5.5492151e-01   8.1679412e-01   1.4520563e+00  -2.9854170e-01
   2.0000000e+00  -6.3174672e-01   1.5361055e+00   4.3312111e-01   1.3542397e+00  -3.8355853e-01   9.1328963e-01
   2.0000000e+00  -4.4718987e-01   1.3134911e+00   1.1626893e+00   8.9749385e-01  -1.2089609e+00  -6.6181725e-01
   2.0000000e+00   8.9055044e-01   7.9712155e-01  -1.1223809e+00   2.5320716e-01  -8.0297947e-02  -4.6613581e-01
   2.0000000e+00   7.8268154e-02  -9.5336414e-02  -1.4814235e+00   1.5971466e-01   9.8276251e-01   6.0107049e-01
   2.0000000e+00  -8.1623244e-01  -1.9564671e+00  -5.0214937e-01   2.0986045e-01   4.7390722e-01   1.7127925e+00
   2.0000000e+00  -9.3990310e-02   7.1919941e-01  -1.0961329e+00   1.9687875e-01   1.4793990e+00  -1.2728397e+00
   2.0000000e+00   2.2556572e-01   2.6276882e-01   1.8450555e+00  -7.9058429e-01  -1.0299358e+00  -1.7369535e+00
   2.0000000e+00  -5.1953242e-01   4.5058543e-01   3.9310062e-01   3.0217290e-01   7.2892640e-01   1.2655742e+00
   2.0000000e+00   1.4949847e+00   6.2141825e-01   8.7768924e-03  -1.9971860e+00  -2.3321719e+00   3.7293553e-01
   2.0000000e+00   6.2742544e-01   3.1043039e-01  -9.5813225e-01   1.4987330e-01  -2.8001608e-01  -3.6922638e-01
   2.0000000e+00   6.6348398e-01  -1.0128764e+00   1.3260683e+00   1.2491099e-01  -1.4522045e+00   6.9464094e-01
   2.0000000e+00   2.3091896e+00  -3.8673314e-01   9.5849938e-01  -1.9462561e-01  -1.0433484e+00  -1.6400716e+00
   2.0000000e+00   5.2467180e-01   1.4111694e-01   9.5276124e-01  -5.0076068e-01   1.5509934e+00   1.2653824e+00
   2.0000000e+00   1.5873614e-01  -9.4945883e-01   2.1111920e+00   1.3318393e+00   6.0045564e-01  -3.1271799e-01
   2.0000000e+00   2.2079723e-01   9.9081898e-01   1.1173674e+00   1.0554887e+00   1.1622223e+00   1.3457845e+00
   1.0000000e+00   7.2435264e-01  -1.3668259e+00  -5.0919209e-01  -9.4324075e-01  -1.6059352e+00  -2.9866395e+00
   2.0000000e+00   1.3519098e+00   1.2772139e-01   1.0480146e+00   1.0596441e+00   1.2923299e+00   9.0663693e-01
   1.0000000e+00   2.5455828e-01   1.6483249e+00  -2.9191494e-01   1.0400717e+00   4.4422674e-01  -8.5409290e-01
   2.0000000e+00  -1.8876715e+00   7.3706030e-01   2.3663252e+00  -3.5766985e-01  -1.4419642e+00  -2.9733324e-01
   2.0000000e+00  -2.5321615e-01   1.5066191e+00   1.7522423e-01  -7.0908651e-01   7.7357575e-01  -1.4006829e+00
   2.0000000e+00   2.3729382e-01  -6.0228796e-01   1.0838132e+00   7.7301220e-02   1.9052267e-01   4.6292631e-01
   2.0000000e+00   7.0654399e-01  -1.5584076e-01  -1.5962467e+00  -3.9130474e-01  -5.3258133e-02   6.0121618e-01
   2.0000000e+00  -1.3452896e+00   1.4539692e-01  -3.1431322e-01  -1.0804631e+00   1.0470840e+00   7.0477915e-01
   2.0000000e+00   1.7221207e+00  -2.8869858e-01   1.3225113e-01  -3.0168568e-01   1.5772890e+00   1.8545791e+00
   2.0000000e+00   1.4689958e+00   1.2945254e+00  -7.1714787e-01  -4.2411303e-01  -1.8129972e+00  -5.8852604e-02
   2.0000000e+00   1.2068339e+00  -4.9452803e-02   1.6752782e+00  -1.8562284e-01  -4.9665975e-01   2.6408644e-01
   2.0000000e+00  -6.9609578e-01   5.9299040e-01   1.3524490e+00   1.6358700e+00   1.2126426e-01   1.2245700e-01
   2.0000000e+00  -2.0486506e+00  -4.3529052e-01  -6.7679147e-01  -8.9843101e-01   3.7711316e-01   6.1557366e-01
   1.0000000e+00   7.3007655e-01  -7.5806191e-01   2.4575278e-01   6.5131845e-01   3.6339105e-01  -2.6587681e-02
   2.0000000e+00  -1.6589153e+00   1.2500326e+00   2.7844872e-01  -9.6373026e-01   1.1656456e+00   4.7402936e-01
   2.0000000e+00   1.8173883e+00   5.3145670e-01  -1.6559788e+00  -3.9445159e-01   2.5553988e+00  -1.6753960e-03
   1.0000000e+00   4.7921627e-01   1.3220938e+00  -8.3553593e-01   9.5532813e-01   8.4810544e-01   6.2546129e-01
   2.0000000e+00   1.4254395e+00   4.4919482e-01   2.8212598e-01   1.1043884e+00  -1.7640994e-01   4.3836698e-01
   2.0000000e+00  -1.4587254e-01  -2.1137011e+00  -2.6515462e-01   9.7296221e-01  -1.9968656e+00   5.0343359e-01
   2.0000000e+00   6.5818286e-02  -4.7404127e-01   1.2223697e+00  -1.6661731e+00   2.1284865e-01   3.6655026e-01
   2.0000000e+00  -1.3059518e-01   4.0989821e-01   1.1241679e-01   8.9562693e-01  -5.3403668e-02  -1.4936268e+00
   2.0000000e+00   1.1067230e+00   3.9405720e-01  -6.9330098e-01  -7.5428135e-02  -1.2938454e+00   1.2397925e+00
   2.0000000e+00  -5.0511414e-01   8.5373867e-01  -3.2506894e-01   1.7951925e+00  -4.2458626e-01  -1.6392273e+00
   2.0000000e+00   1.1897260e+00  -1.2176174e+00   1.7951246e+00  -2.8187310e-01  -7.6276621e-02   1.8096885e-01
   1.0000000e+00   7.6069040e-01   6.6399027e-01  -3.8862831e-02   8.7624129e-01  -1.3694232e+00   5.8738939e-01
   2.0000000e+00  -1.0227627e+00  -2.5197294e-01   1.9753499e+00   1.4788215e+00  -1.0795275e+00   1.0110903e+00
   2.0000000e+00   1.6349743e+00   9.7508099e-02   1.8650837e-01   9.1212734e-01  -7.3642466e-01  -3.1746818e-01
   2.0000000e+00   1.2659795e+00  -8.9092594e-01   1.5083676e-01  -2.6603707e-02  -7.2895082e-01   7.2858679e-01
   2.0000000e+00   9.8962603e-01  -5.7447664e-01  -6.0763155e-01  -1.8476064e+00   3.8715728e-01   2.1391154e-01
   1.0000000e+00   5.7160103e-01   5.3241943e-01   1.3574733e-01  -1.0578785e+00   8.0750156e-01  -5.8797691e-01
   2.0000000e+00   1.6500463e+00  -1.7343919e-01   3.4882916e-01   1.7667181e+00  -9.2605223e-01  -1.8722354e-01
   2.0000000e+00   2.4687120e+00   9.6613985e-01  -8.3233087e-01   2.0022840e-01   5.4561392e-01   5.5569321e-01
   2.0000000e+00   4.7470052e-01   1.1842540e+00  -1.0095720e+00   6.9712688e-01  -1.0661592e+00   7.0943105e-01
   2.0000000e+00   7.8139304e-02   6.3062585e-02  -1.2146920e+00  -7.9367448e-01   1.3164892e+00   3.1321254e-01
   2.0000000e+00  -5.0640683e-01   1.4301851e+00   1.1751809e-01   1.2600507e+00  -1.0830019e+00  -2.1692839e-02
   2.0000000e+00   5.2174405e-01   8.1105013e-01   1.9582447e+00   5.5268096e-01   1.1544021e+00  -9.3154816e-01
   2.0000000e+00  -5.0316293e-01  -5.1320572e-01  -9.7421573e-01  -3.7153608e-03   5.3695271e-01  -6.5273114e-01
   2.0000000e+00  -4.0366293e-02   8.1549194e-01   9.9003635e-01  -3.2083936e-01   9.3204148e-01   1.3365909e-01
   2.0000000e+00  -1.0087130e+00  -9.5181597e-01   1.9278157e+00   5.7755385e-01   1.3479301e+00  -7.0031915e-01
   2.0000000e+00   2.8976992e+00   1.4462776e-01  -2.8285104e-01  -1.9965894e-02  -7.9482663e-01   6.1526821e-01
   2.0000000e+00  -4.5800435e-01   1.3492904e+00   9.9586531e-01   1.0289832e+00  -1.3584598e+00   1.0058501e-01
   2.0000000e+00   2.1278242e+00   1.8915586e-01  -3.5053031e-01  -1.3327516e+00  -3.1478443e-01   3.9004481e-01
   2.0000000e+00  -3.7986280e-01  -2.6796211e-01  -5.9572172e-01  -2.3182907e+00   4.8349959e-01  -2.4958206e-01
   2.0000000e+00  -9.3176359e-01  -8.0711066e-02  -1.1341633e+00  -9.0792909e-01   1.8774869e+00  -7.4537030e-01
   2.0000000e+00  -2.1341452e+00   1.3666661e+00  -8.3971021e-02   1.4748067e+00   1.9837878e+00   2.6300656e-01
   2.0000000e+00   4.6964108e-01  -1.6281602e-01  -1.3872071e+00   2.2457418e+00   7.7219921e-01   6.3260042e-01
   1.0000000e+00   4.7238040e-01  -2.9799624e-01   3.9171380e-01  -2.8496424e-01  -8.5296177e-01  -7.6677642e-01
   2.0000000e+00  -7.8193557e-01  -9.4790085e-01   6.3229000e-01  -1.9263352e-01  -6.9219163e-01  -1.5281077e+00
   2.0000000e+00   2.0364687e+00   2.3501518e+00  -5.7205304e-01   2.0024549e-01   1.0940815e+00  -1.0917774e+00
   2.0000000e+00   1.0579384e+00  -1.7881445e-01  -1.2834904e+00  -2.2570573e+00   8.9984969e-01   4.0258865e-01
   2.0000000e+00   1.6689645e+00  -2.1922991e-01  -7.0325454e-01   8.8261717e-01  -9.6762043e-02  -3.3184207e-01
   2.0000000e+00   1.3611785e+00  -1.4312740e+00  -7.1488594e-01  -1.2087633e+00  -4.4318578e-01  -1.2827565e+00
   2.0000000e+00  -3.2896804e-01  -8.9527741e-01   3.7389113e-01   1.6968410e+00  -2.2825807e-01  -2.4158898e-02
   2.0000000e+00  -3.0108823e-01   1.0944363e+00   1.1369614e+00   2.7202306e-01   8.5690066e-02   1.0343642e+00
   1.0000000e+00   7.5545944e-01   4.7999776e-01   2.3805085e-01   1.0750244e+00   7.1763126e-02  -6.1357342e-01
   1.0000000e+00   6.1770067e-01  -7.0892024e-01   6.7267643e-02  -8.7647586e-01   3.0733308e+00   1.8564475e+00
   2.0000000e+00  -3.5800363e-01  -1.4399682e+00  -5.0627485e-01  -1.2724810e+00  -9.6348214e-01  -1.2393832e+00
   1.0000000e+00   5.1094817e-01   3.3143940e-01  -3.3045210e-01  -1.1533142e+00  -2.4223664e-01  -1.6341173e+00
   2.0000000e+00   2.4496397e+00  -5.0825345e-01  -1.1639869e+00  -1.0953674e+00   5.3237168e-01  -1.5788293e-01
   2.0000000e+00   9.5130663e-01  -1.5365846e+00   2.3986311e-01  -1.9271963e+00  -4.9691419e-01   2.7398428e+00
   2.0000000e+00  -2.3757542e+00  -2.8199450e-01   1.1573006e+00  -2.2697362e+00  -8.4091975e-01  -9.6211020e-01
   1.0000000e+00   6.4689164e-01  -5.0943418e-01  -4.8985787e-01  -8.0070258e-01  -7.4222386e-01  -1.4837657e-01
   2.0000000e+00  -6.1614257e-01  -1.2291440e+00  -7.6636639e-01  -5.3458445e-02   5.4165276e-01  -5.1513276e-01
   2.0000000e+00  -2.1710791e+00   8.9582580e-01  -1.4667834e+00  -1.3091433e+00  -7.8868048e-01   7.6787338e-01
   2.0000000e+00  -8.7460893e-01   4.2217061e-01   3.2473392e-01   3.2654212e-01  -2.2958631e-01   2.5921570e-01
   2.0000000e+00  -7.7761280e-01  -9.3413583e-01  -1.2645773e+00  -1.1294022e+00  -1.2289402e+00  -1.2019690e+00
   2.0000000e+00  -1.9492954e+00  -1.1949706e+00   1.1492602e-01  -4.0104200e-01   7.9915616e-01   5.5532266e-01
   1.0000000e+00   4.4032314e-01   1.8317283e-01   1.6656068e-01  -7.3338913e-01   1.6555440e+00  -4.9437352e-01
   1.0000000e+00   1.3472477e-01  -5.8964525e-01   7.6213346e-01  -1.6284664e+00  -3.6772407e-02  -8.0112677e-01
   2.0000000e+00  -1.1408145e+00  -9.3659765e-01   7.0279472e-01  -2.3210320e-01  -1.7805773e+00  -5.6715514e-01
   2.0000000e+00  -5.1336705e-01   4.2293576e-01   9.3834478e-01  -3.6234052e-01   9.1648588e-01   6.2237372e-01
   2.0000000e+00  -1.7393764e-01  -2.1473552e+00  -2.0151918e+00  -6.3647396e-03   5.5448614e-01   8.2056615e-01
   1.0000000e+00   1.3311350e-02   2.6880975e+00  -4.0821058e-01   2.1906765e-01  -2.7657574e-01  -1.3419480e+00
   2.0000000e+00   1.1842435e+00  -1.6400489e+00   5.8269523e-01   5.2626965e-01  -5.1071171e-01   1.4316421e+00
   1.0000000e+00   4.5420912e-01   3.1698290e-02   5.4260608e-01   4.4432979e-01  -1.1870401e+00   3.8501341e-01
   1.0000000e+00   8.7246794e-02   8.2298801e-01  -1.0125736e-01  -1.8655786e+00   2.2397328e+00  -3.4792130e-01
   2.0000000e+00  -2.0554491e+00   5.0991143e-01   1.6022966e+00  -3.5236419e-01   7.7002838e-02  -1.0942503e+00
   2.0000000e+00  -1.0831924e-01  -4.6140258e-01   1.0390910e+00  -8.5900422e-01   6.9762651e-01   2.7009496e-01
   1.0000000e+00   6.7717143e-01   1.5202089e+00   5.1568791e-01   7.1681113e-01   6.0092568e-01  -2.5707445e-01
   2.0000000e+00  -1.4138213e+00   1.9132741e+00   2.7360259e-01   1.2439499e-01   6.7259619e-01  -2.2042125e+00
   2.0000000e+00  -1.0074792e+00  -7.1698057e-01   3.4314161e-01  -2.1004969e+00   1.1531421e+00   7.2568319e-01
   2.0000000e+00  -6.2578083e-01   1.5964376e-01  -1.1268600e+00  -1.7174042e+00   2.6174734e-01  -1.8896161e+00
   2.0000000e+00  -2.2813407e+00  -3.2963288e-01   2.8935170e-01  -1.0497408e+00  -6.4625001e-01   1.1487949e+00
   2.0000000e+00  -1.6397804e+00   2.8745966e-02   1.0101009e+00  -5.4667073e-01  -1.3371961e-01  -4.1790906e-01
   2.0000000e+00   1.1503132e+00   1.1733151e-01  -3.7007521e-02  -5.0478575e-01  -9.0125598e-01   5.6500761e-01
   2.0000000e+00  -1.1777942e+00  -4.1923196e-01   3.1308829e-01   2.3783613e-01  -4.5013011e-01  -1.2258309e-01
   2.0000000e+00  -1.5114019e+00   1.3688176e-01   7.3441153e-01  -7.1699196e-01  -1.5337342e+00  -1.0873449e+00
   2.0000000e+00  -4.4974409e-01   1.6068482e+00  -1.6270956e-01   6.8591554e-01  -1.2158992e+00  -6.2864202e-01
   2.0000000e+00  -2.6169333e-01   2.0050276e-01   7.1532501e-01  -1.5580876e+00   2.0145324e+00   1.9732161e+00
   2.0000000e+00  -2.2410421e-01   3.6397795e-01   1.0799897e+00  -6.6784807e-01  -1.6517172e-01   7.9828673e-01
   2.0000000e+00  -1.6786215e-01   8.1151231e-01  -6.6993356e-01   1.2686233e+00   7.7258552e-01   1.2495741e+00
   2.0000000e+00  -1.2125304e+00  -4.4696980e-01  -8.5228538e-03  -1.9672590e+00   1.5657233e+00   1.1718400e+00
   2.0000000e+00  -4.1454064e-02   1.1992536e+00  -9.7702552e-01  -9.2282968e-01   1.8222645e+00  -5.6909939e-01
   2.0000000e+00  -3.5695869e-01  -1.7982828e+00   6.4119523e-01   6.3919288e-01  -8.2001001e-01  -7.9853584e-03
   2.0000000e+00  -1.8287560e+00  -2.2439323e-02   2.4333295e-01   1.0323304e-01   4.6517643e-01   1.6949944e+00
   2.0000000e+00  -3.1303094e-01   1.9515449e+00  -2.2627054e+00  -4.1843441e-01   1.3504474e+00   1.2208071e-02
   2.0000000e+00  -1.4687581e-01  -1.3452345e+00   1.1235134e-01  -3.2101576e-01   3.1680658e+00   7.0527553e-01
   1.0000000e+00   2.7623414e-01   8.1591207e-01   5.2782490e-01   9.8751373e-01   1.1785077e+00  -1.2061637e-01
   1.0000000e+00   6.9288958e-01  -6.1446510e-01  -2.9236782e-01  -1.6481191e+00   9.4259124e-01   9.1977638e-01
   2.0000000e+00  -7.6461152e-01  -1.8648870e+00  -2.1888499e-01  -1.7798430e+00   2.2948736e-01  -3.2125750e-01
   1.0000000e+00   5.6089687e-01   4.1494331e-01  -1.9248893e-02  -5.6703874e-01  -1.5993922e-01  -5.6962236e-02
   2.0000000e+00  -2.8892801e-01   1.2144852e-01   6.0070072e-01   2.7479870e-01   2.7890981e-01   7.5970866e-01
   2.0000000e+00  -9.0912263e-01  -5.7547340e-02  -7.0802007e-02  -1.5668010e+00   1.2941943e+00   7.1602337e-01
   2.0000000e+00  -2.3126590e+00   2.1366820e+00   9.6472778e-01   1.3806895e+00  -2.2063442e+00  -1.2590932e+00
   2.0000000e+00   2.7143867e+00   2.1820678e+00  -6.0901337e-01   1.6277089e-01  -2.7231994e+00  -1.1692621e+00
   1.0000000e+00   3.6136569e-01   1.0037265e+00   6.7456896e-01   4.6612973e-01   8.8745609e-01   3.9450391e-01
   2.0000000e+00  -3.8718577e-01  -4.2144147e-01   1.7879365e+00   2.3757334e-01  -1.5409120e+00  -6.9912218e-01
